5.533707016999999905e+04 5.534010936000000220e+04 -2.929889317018718202e+02 2.382557287831794213e+00 4.519143204509961720e+02 5.127103838639077260e+00 3.972870370259530048e+00 2.098195614212218008e+00
5.536100486999999703e+04 5.536507725999999820e+04 -4.344678803937795237e+02 1.665902778919489569e+00 4.547373988746035138e+02 3.502148367518859828e+00 3.519588960525942056e+00 1.448069988842164202e+00
5.538998124999999709e+04 5.539599612999999954e+04 -4.783625349177845578e+02 1.320872876827855480e+00 4.688225580218541495e+02 2.752651044061992902e+00 1.182315523262644774e-08 1.136550527759315976e+00
5.542986164999999892e+04 5.543090060999999696e+04 -4.288363901724918037e+02 1.008198243460678212e+00 4.666094621883817695e+02 2.287553483696843859e+00 3.354162191584081354e-01 9.791753563943995653e-01
5.546176806999999826e+04 5.546381057000000146e+04 -4.022408265007092041e+02 8.411792406898207508e-01 4.658346124080643449e+02 1.904943761229881849e+00 2.441634672223358393e-09 8.150278819480646364e-01
5.549264448999999877e+04 5.549368357999999716e+04 -4.200692044843087842e+02 9.190289398811641863e-01 4.610067092182385977e+02 2.087309269221639507e+00 1.296599198339760228e+00 8.938036827909436877e-01
5.557845494999999937e+04 5.557949377999999706e+04 -3.163568606354330655e+02 1.157031727986395753e+00 4.551314444600986917e+02 2.670064589679389311e+00 2.127061138335051282e-08 2.888733226331138826e-01
5.561630602000000363e+04 5.561734517999999662e+04 -3.596543801898796460e+02 9.847384084531475290e-01 4.563494367645691341e+02 2.419127635980909297e+00 6.496175264381065517e-09 1.077866119838649217e+00
5.563928843000000052e+04 5.564132482000000164e+04 -3.671365694547594103e+02 8.614177985779898350e-01 4.558767281212338389e+02 1.964338114627513399e+00 1.448674513682135512e-11 8.480044523431902181e-01
5.567022456000000238e+04 5.567421366999999736e+04 -3.530505167652349883e+02 8.511639722326066471e-01 4.593590812620502106e+02 1.945609371472703630e+00 1.316628456260460212e-07 7.515211967911606949e-01
5.570014259999999922e+04 5.570413218999999663e+04 -3.718066813384200486e+02 1.021387971018010044e+00 4.608566429923952796e+02 2.343335731040672165e+00 6.544692565668697171e-10 1.004332067039274135e-01
5.573105795999999827e+04 5.573205533000000287e+04 -4.214852850450603228e+02 1.180004715865722309e+00 4.629631035962756300e+02 2.696047194792289936e+00 2.742782667652932105e-09 3.094886158014781286e-01
5.579982493999999861e+04 5.580082229999999981e+04 -4.195162410091252241e+02 1.183614676572949387e+00 4.599163778504882885e+02 2.686087284691575761e+00 9.708536868879846793e-07 2.079487142933149180e+00
5.582675819999999658e+04 5.582875271999999677e+04 -4.019524202383891520e+02 1.950542662409574968e+00 4.570244199421558164e+02 4.481495613922158228e+00 9.031410136417505896e-07 2.498491314297240695e+00
5.586365660999999818e+04 5.586464964000000327e+04 -6.331366680913149594e+02 4.637362141453928999e+00 4.587691334910259684e+02 1.006271085384634389e+01 3.949788657253705537e-07 1.584578235046901717e+01
5.591850697000000218e+04 5.591950432000000001e+04 -3.533282779442524202e+02 1.094134386914813017e+00 4.513327265258792522e+02 2.485281045491094964e+00 3.189945141368610848e-08 1.060824744829066191e+00
5.594842500999999902e+04 5.594942238000000361e+04 -3.461411326847498913e+02 1.365667228834428704e+00 4.449249509363231709e+02 3.122277168350793275e+00 6.708619582510311208e-01 1.337095515727234618e+00
5.600242953000000125e+04 5.600338416000000143e+04 -3.361516505544968254e+02 9.649057507818298296e-01 4.412956077520980784e+02 2.199423725035586585e+00 1.616882373998299594e+00 9.412335429196153624e-01
5.603428732999999920e+04 5.603529836999999679e+04 -3.347612585230601212e+02 8.158766001066796170e-01 4.455315395526409930e+02 1.863691734853995863e+00 1.229582315054338792e+00 7.965941284367916708e-01
5.606620539000000281e+04 5.606824199999999837e+04 -3.480416779181298921e+02 8.385688904825520096e-01 4.495433120897403114e+02 1.909894551730257906e+00 7.257519058326045158e-01 8.170882892831495825e-01
5.609413842999999906e+04 5.609514362000000256e+04 -3.785277106193971122e+02 1.189100944992887765e+00 4.481743579154544364e+02 2.708230919805608927e+00 1.492912567091656539e+00 1.160522762618970249e+00
5.615094178999999713e+04 5.615194354000000021e+04 -3.546401736552148805e+02 9.049783985199770786e-01 4.425080637549601192e+02 2.060944836561664051e+00 4.648879377058563023e+00 8.831267092947826525e-01
5.617288902999999846e+04 5.617489570999999705e+04 -3.521690699473122663e+02 9.920339114056097030e-01 4.418050241665218323e+02 2.268804483489877288e+00 5.399172596992391604e+00 9.701172506636814852e-01
5.619383052000000316e+04 5.619484072000000015e+04 -3.844861202535813050e+02 1.240585065830897449e+00 4.499491700169066917e+02 2.836827093283132761e+00 2.182772387647069046e+00 1.212994622984685300e+00
5.621377823999999964e+04 5.621478710000000137e+04 -3.701269101296442159e+02 1.433553481281544251e+00 4.442634748038294674e+02 3.380746554976812757e+00 4.152869762442968238e+00 1.469880333115985538e+00
5.623484337000000232e+04 5.623571353000000090e+04 -3.746748541624583595e+02 1.126154989914682103e+00 4.534826757863194757e+02 2.551022172561931090e+00 4.289915824317158677e-01 1.088402783533215956e+00
5.624970186000000103e+04 5.625069103000000177e+04 -4.456838249939125944e+02 1.412814944404776618e+00 4.514143705242961460e+02 3.239074524472243866e+00 8.321330268020943333e-01 1.387998683082210860e+00
5.628854510000000300e+04 5.629049654000000010e+04 -3.962625607662124594e+02 1.536564368163746197e+00 4.447526210076860593e+02 3.499175055718422911e+00 1.799694175939238194e+00 1.499392886327196805e+00
5.631039188999999897e+04 5.631151806000000215e+04 -3.958225750263892451e+02 2.613201560045194327e+00 4.361794740030923663e+02 6.427140702596072508e+00 3.375407434186314948e+00 2.810409106715311189e+00
5.633246194999999716e+04 5.633356418000000122e+04 -3.435999162415920978e+02 9.330854448825092184e-01 4.334006609578196390e+02 2.154889114806428196e+00 3.577870874189239547e+00 9.261987083216564054e-01
5.635238163000000350e+04 5.635437756000000081e+04 -3.496510636204066600e+02 8.783814044969669999e-01 4.273696004714016681e+02 1.994168690315096359e+00 5.557520207734376605e+00 8.538579682081883782e-01
5.636734158000000025e+04 5.636834681000000273e+04 -3.394010009492803874e+02 1.891839296464784104e+00 4.266192121822866739e+02 4.569212072383216139e+00 5.225576786664328566e+00 1.982341583679897212e+00
5.638732624999999825e+04 5.639124035000000003e+04 -3.645834364240534455e+02 1.013172541503100543e+00 4.336580925892825462e+02 2.300024819276142107e+00 2.812446764831904922e+00 9.847889204642399363e-01
5.640718334999999934e+04 5.641031865999999718e+04 -3.236698963069936212e+02 9.928566571919091865e-01 4.286135032300602461e+02 2.261092745990758157e+00 5.326150779012635894e+00 9.673413302211592013e-01
5.643120651999999973e+04 5.643226666999999725e+04 -3.399434542498781866e+02 8.237723400923249173e-01 4.330247224117057385e+02 1.855809163199967360e+00 3.263686414563760962e+00 7.928298660044811319e-01
5.645006373000000167e+04 5.645120625000000291e+04 -3.040022714432940916e+02 8.959975322917237417e-01 4.329485190946815010e+02 2.037366809583057492e+00 2.513910537358192698e+00 8.766040132334480539e-01
5.647106309999999939e+04 5.647201473000000260e+04 -3.362915179867505913e+02 8.052938414682445645e-01 4.315824423507722258e+02 1.841120267197805971e+00 2.767086600157656839e+00 7.884426465391195515e-01
5.649211819000000105e+04 5.649307983000000240e+04 -3.147156225231702820e+02 8.431224491618979355e-01 4.338743932096924141e+02 1.901223806842190056e+00 1.194377795807164855e+00 8.126406677089297315e-01
5.652193828999999823e+04 5.652299814000000333e+04 -3.683947771387689158e+02 1.104881603366931975e+00 4.354699125362052428e+02 2.263892704507023179e+00 9.255877319234173672e-01 9.390000649925138720e-01
5.654701726000000053e+04 5.655086630000000150e+04 -2.424335334219989875e+02 4.315855562463752904e-01 4.346953544798621465e+02 1.097361478281002167e+00 3.503687340256078642e-09 4.865871405913943515e-01
5.667241423999999824e+04 5.667652580999999918e+04 -2.547751591593001024e+02 5.662682059028945059e-01 4.376028482477800594e+02 1.456161668367192963e+00 1.049516210439789710e+00 6.533864580656535415e-01
5.670352913000000262e+04 5.670942137999999977e+04 -3.258080094578677972e+02 1.012841072228370054e+00 4.399443377018380374e+02 2.289290161335482132e+00 4.084048421670871676e-07 1.426238923087353561e+00
5.676227816000000166e+04 5.676335119999999733e+04 -4.446270613269112459e+02 1.016237191111984739e+00 4.422824241799532388e+02 2.325812780641122846e+00 4.356536242866582143e-09 9.912578677221945966e-01
5.679024240999999893e+04 5.679217010999999911e+04 -4.391137444613659113e+02 1.318417160346469164e+00 4.405254815060289957e+02 2.992139987992077366e+00 6.348683245782638096e-09 1.278124367606098044e+00
5.682815641000000323e+04 5.682915299000000232e+04 -3.854479664090828805e+02 8.500652422930223828e-01 4.359657252626145691e+02 1.948180818058723895e+00 4.054947488896232244e-09 1.941531677177738557e-01
5.685004291999999987e+04 5.685105215999999928e+04 -3.747196493030899092e+02 8.370358980339580590e-01 4.342943259579120650e+02 1.881896653498400740e+00 7.893727338448286446e-09 1.098155332991787997e-01
5.692182736000000295e+04 5.692292652999999700e+04 -3.799194032915642651e+02 7.687527735866577228e-01 4.332912489192486305e+02 1.722363125388369332e+00 6.017963904980661027e-12 2.942942610971694285e-03
5.694581392000000051e+04 5.694875536999999895e+04 -3.496837472880125119e+02 1.173390843315474719e+00 4.313921707698716546e+02 2.661330830591451146e+00 5.802817670819138129e-09 1.136760757523636034e+00
5.697774564999999711e+04 5.697870930000000226e+04 -4.042858817570333372e+02 8.733292615379651957e-01 4.331306916894086498e+02 1.987243961527463298e+00 7.098843901598428374e-08 8.510837882168054147e-01
5.701156405000000086e+04 5.701260027999999875e+04 -3.761189119865922521e+02 1.001956607260254151e+00 4.325271043304855993e+02 2.448874673064882490e+00 6.425513439986968445e-01 1.068068934986790453e+00
5.704057205999999860e+04 5.704158325000000332e+04 -4.055793829326842115e+02 1.047298990558795717e+00 4.329520176590490905e+02 2.375786308215429798e+00 7.383952893569301068e-09 1.014030786448963717e+00
5.707842066000000341e+04 5.708040101000000141e+04 -3.908723044843519574e+02 8.471945289095904608e-01 4.306200096855766333e+02 1.915777331044484111e+00 1.749805915275673973e+00 8.193330016708056940e-01
5.710133067999999912e+04 5.710239070000000356e+04 -4.420096653693399276e+02 9.966567642637356172e-01 4.405866764829617637e+02 2.269302189914750745e+00 1.767308521749555439e-11 9.842181774587204224e-01
5.713125791999999637e+04 5.713225568000000203e+04 -3.977456352487778304e+02 8.182762717802191110e-01 4.379406006380028202e+02 1.865016206640877749e+00 1.136813489566179669e-05 7.997223335891462392e-01
5.716118009000000166e+04 5.716218041999999696e+04 -3.796228239889140355e+02 8.818400137477695466e-01 4.376165846191404967e+02 2.041814393678323292e+00 1.554806339232328583e-08 1.452393869099588120e+00
5.719216496000000188e+04 5.719507082000000082e+04 -4.410351717606391730e+02 1.129249868799822698e+00 4.333953625782997960e+02 2.395282827601318054e+00 3.021910499612090462e-10 2.473541436476131214e-02
5.730684724999999889e+04 5.730786914000000252e+04 -3.637825389672046299e+02 1.510255490524109900e+00 4.252639611840356224e+02 3.419372476097494395e+00 3.471845219159465756e+00 1.463834666764859183e+00
5.733585145000000193e+04 5.733688393999999971e+04 -4.401714666644570002e+02 1.058035318574099826e+00 4.353624559208768119e+02 2.431591029692930839e+00 5.166661655731097369e-06 2.073466835773746020e+00
5.739764005000000179e+04 5.739865170000000217e+04 -3.547043858485457122e+02 8.598802767294406735e-01 4.267805367769403802e+02 1.944656524018330446e+00 2.012145930284562567e+00 8.297938022139735859e-01
5.743262202000000252e+04 5.743354318000000058e+04 -3.734130351440873028e+02 1.451705773374304176e+00 4.288298909064482700e+02 3.313928643818969899e+00 2.186949427504085275e+00 1.416213473492921704e+00
5.748842001000000164e+04 5.748946171999999933e+04 -3.541684400367813623e+02 1.012489023205594751e+00 4.292609135735905284e+02 2.304671322514638465e+00 6.215866223331667495e-01 9.884280349078143901e-01
5.751838079999999900e+04 5.751938992999999755e+04 -4.084656983594057920e+02 8.454842246867487754e-01 4.308415594116235070e+02 1.913332386179040334e+00 2.741140647799511498e-12 8.178298796166398876e-01
5.755029636999999639e+04 5.755130486999999994e+04 -4.041319245014000785e+02 1.005115683811435678e+00 4.285354517120661058e+02 2.282509820449059479e+00 8.293588038554844388e-11 1.771988362171709672e-02
5.757916483999999764e+04 5.758008129000000190e+04 -3.562559859931429287e+02 7.719272524985026918e-01 4.281617698597394224e+02 1.762132062978027491e+00 2.939096921394934725e-07 7.547704901636259622e-01
5.761399293999999645e+04 5.761500583000000188e+04 -3.480319808604383525e+02 8.741925838909694324e-01 4.297002708065222691e+02 1.978472281976845881e+00 2.101377460927977836e-07 8.771219806360477378e-01
5.764693218999999954e+04 5.764793389000000025e+04 -3.317029042844295077e+02 8.521399417937984833e-01 4.301597491141336604e+02 1.946202055950211118e+00 4.036553147290788957e-08 8.266081273932037732e-01
5.770382465000000229e+04 5.770473977000000014e+04 -4.084506895279346850e+02 1.163668640688023004e+00 4.283285072566111467e+02 2.699516322730129314e+00 9.397254641108077067e-09 1.168456720447118125e+00
5.776462367000000086e+04 5.776562202000000252e+04 -3.790875523617294220e+02 1.743622557678508711e+00 4.283178764628964359e+02 3.974695506535753875e+00 8.587963673534204645e-11 2.460486948079849967e-02
5.779642809000000125e+04 5.779663461000000098e+04 -3.424935886799807463e+02 9.511741925933018260e-01 4.247109194901961473e+02 2.179151980474446582e+00 1.863255094420244173e+00 9.345462726657833841e-01
5.783538324000000284e+04 5.783637569999999687e+04 -3.360334009726303179e+02 8.854867533548108627e-01 4.261952805919588627e+02 2.014489330036654646e+00 1.263488656877019167e+00 8.600364783542211455e-01
5.785923735999999917e+04 5.785944898000000103e+04 -3.382526928534519470e+02 9.058234442731096792e-01 4.227536387750994322e+02 2.072892637992911347e+00 2.045504381549810624e+00 8.883296423566267030e-01
5.789316636000000290e+04 5.789418609000000288e+04 -3.649653107221746495e+02 9.328167815930745732e-01 4.208048949147491840e+02 1.945643509386999259e+00 2.366250956499993841e+00 8.145674189770674145e-01
5.792110166999999637e+04 5.792211248999999953e+04 -3.617911476920168070e+02 9.229840762416727795e-01 4.273270191788411694e+02 2.116964332733650256e+00 5.982901792073169744e-04 7.679555196808731665e-01
