5.533707016999999905e+04 5.534010936000000220e+04 -2.908903100214466804e+02 1.340514972655654979e+01 4.562914028975327483e+02 3.335774579476832713e+01 2.508483838743610583e+00 1.597783449082105989e+01
5.536100486999999703e+04 5.536507725999999820e+04 -4.834881642059127103e+02 1.054922882557977459e+01 4.640230265793540525e+02 2.587688926091327701e+01 3.642412316207099821e-08 1.687999409720644550e+00
5.538998124999999709e+04 5.539599612999999954e+04 -5.242421291210841900e+02 7.796086969586342619e+00 4.709012102425745638e+02 1.912000756268009027e+01 1.901053064967683781e-07 2.726563047387816408e+00
5.542986164999999892e+04 5.543090060999999696e+04 -5.084922061631761494e+02 8.586768305684687519e+00 4.468205910108746366e+02 2.106359821239214014e+01 9.999996614667814754e+00 9.936232216042563792e+00
5.546176806999999826e+04 5.546381057000000146e+04 -4.954214618329712607e+02 6.198819546608273612e+00 4.663650109921085800e+02 1.520326395949431131e+01 7.151618186540531497e-10 7.236244319257234103e+00
5.549264448999999877e+04 5.549368357999999716e+04 -4.981124562184212436e+02 9.581838375812061770e+00 4.434956668845525201e+02 2.350091143921883585e+01 9.999970712564339337e+00 1.108527451966047828e+01
5.557845494999999937e+04 5.557949377999999706e+04 -3.725809058883802436e+02 1.683699377547895537e+01 4.577096214085439101e+02 4.192540088976639368e+01 2.796095466273129659e-08 1.950544418597647223e+01
5.561630602000000363e+04 5.561734517999999662e+04 -4.740431188033722378e+02 1.134457115680149641e+01 4.561705505457632626e+02 2.782492537560059276e+01 2.099857293602624964e-07 1.746314586523216761e+01
5.563928843000000052e+04 5.564132482000000164e+04 -4.595767466296846351e+02 7.090810707676594049e+00 4.582386846778600784e+02 1.739123043337195540e+01 4.350714066791994128e-08 6.430660811340790595e+00
5.567022456000000238e+04 5.567421366999999736e+04 -4.491048026498426111e+02 1.132125941150003001e+01 4.602560553496618923e+02 2.775230185172227948e+01 2.922777520009134378e-08 1.308550260146209965e+01
5.570014259999999922e+04 5.570413218999999663e+04 -4.758309221734926950e+02 1.265932999178103380e+01 4.643635260344834705e+02 3.108404812977185472e+01 1.935168691957755982e-10 1.484609224650685810e+01
5.573105795999999827e+04 5.573205533000000287e+04 -5.150313812054006348e+02 1.054565434170930516e+01 4.643644137258821729e+02 2.586313830499514665e+01 2.050404995790344742e-07 8.023716829946833329e+00
5.579982493999999861e+04 5.580082229999999981e+04 -4.977167690062356087e+02 8.013385874361983241e+00 4.389440600069307266e+02 1.965571592166033810e+01 9.915746531103941663e+00 9.253156438713011411e+00
5.582675819999999658e+04 5.582875271999999677e+04 -4.772196328756448906e+02 1.124229526376831600e+01 4.365939576149434629e+02 2.759019888206616500e+01 9.999999794018323840e+00 9.575246638243363195e-01
5.586365660999999818e+04 5.586464964000000327e+04 -6.286528647264919982e+02 2.691975757119877244e+01 4.581298255437731086e+02 6.587758659727397514e+01 2.465487203284766338e-08 3.104444170041395878e+01
5.591850697000000218e+04 5.591950432000000001e+04 -4.435787615586105517e+02 1.018959050797569077e+01 4.497901229753579173e+02 2.499102309562776725e+01 3.416538940648194966e-07 1.178767927643316327e+01
5.594842500999999902e+04 5.594942238000000361e+04 -4.323832125760602025e+02 9.058464178967765790e+00 4.240765452245389611e+02 2.224782271452098570e+01 9.999999998601852624e+00 1.049403297548316871e+01
5.600242953000000125e+04 5.600338416000000143e+04 -4.260446546920153992e+02 9.257723279697389174e+00 4.425367826090047743e+02 2.271721837335212868e+01 8.904971204870548718e-10 1.068760417624310399e+01
5.603428732999999920e+04 5.603529836999999679e+04 -4.239692088712085365e+02 5.368887001429030192e+00 4.423411956410411108e+02 1.316836150970801533e+01 1.836672581909924329e+00 6.211660842686685058e+00
5.606620539000000281e+04 5.606824199999999837e+04 -4.496115925740145940e+02 8.732352255699675325e+00 4.508940682046062420e+02 2.141712483622002239e+01 1.365299417965815110e-07 1.010327789404152732e+01
5.609413842999999906e+04 5.609514362000000256e+04 -4.693890023769899926e+02 1.221914901737473080e+01 4.510219617780310841e+02 2.998174101189019680e+01 4.006403542256009587e-09 1.416526654370777827e+01
5.615094178999999713e+04 5.615194354000000021e+04 -4.520639614079257171e+02 1.064839265040245664e+01 4.352736326345838620e+02 2.611796008956038051e+01 8.658872290095811053e+00 1.232007623047006462e+01
5.617288902999999846e+04 5.617489570999999705e+04 -4.614776639729210501e+02 9.306113921391574451e+00 4.556298586015615797e+02 2.290127358544024005e+01 2.375183383307444274e-09 1.082196717148698184e+01
5.619383052000000316e+04 5.619484072000000015e+04 -4.622323048722159911e+02 1.173542455782854255e+01 4.347689188069873012e+02 2.879182025532982792e+01 9.141795117735995291e+00 1.358902072387243365e+01
5.621377823999999964e+04 5.621478710000000137e+04 -4.852014447767653564e+02 1.892614766358403955e+01 4.410715467740049007e+02 4.642019844411541385e+01 6.762533359728167603e+00 2.189611057563974938e+01
5.623484337000000232e+04 5.623571353000000090e+04 -4.496571717725181543e+02 1.400183866647013176e+01 4.318625124406459577e+02 3.433641112520791694e+01 9.999999950962294548e+00 1.619459896910640850e+01
5.624970186000000103e+04 5.625069103000000177e+04 -5.378781087643303636e+02 1.221809661322667218e+01 4.511851212413209851e+02 2.996632222216241459e+01 1.530288248160155407e+00 1.413544756163021709e+01
5.628854510000000300e+04 5.629049654000000010e+04 -4.730496447491958634e+02 1.173658375264295017e+01 4.246689938357037590e+02 2.878877525653803815e+01 9.999984845905773412e+00 1.260029168457460891e+01
5.631039188999999897e+04 5.631151806000000215e+04 -4.834513728033662119e+02 3.441952744714522083e+01 4.218791336841322277e+02 8.471416988154237515e+01 9.999999999487275915e+00 3.996564085320957105e+01
5.633246194999999716e+04 5.633356418000000122e+04 -4.316696404132703151e+02 9.457024137893908389e+00 4.189171383653276735e+02 2.318323136467467549e+01 9.999999932563905958e+00 1.093193479335600848e+01
5.635238163000000350e+04 5.635437756000000081e+04 -4.362198821540595759e+02 1.015177456245887022e+01 4.365450620027328910e+02 2.489833867461624450e+01 4.719951367268576670e-01 1.174184208543177910e+01
5.636734158000000025e+04 5.636834681000000273e+04 -4.382395185671457511e+02 1.152597512632917010e+01 4.361822984577765965e+02 2.860365940495164239e+01 2.020617428932780513e-07 1.352728543015980556e+01
5.638732624999999825e+04 5.639124035000000003e+04 -4.496568002475457320e+02 8.330727228250454530e+00 4.377431152672437520e+02 2.043413894693152599e+01 1.912826719241422779e-07 1.805599835743179060e+00
5.640718334999999934e+04 5.641031865999999718e+04 -4.129232359080657488e+02 1.019653351400500974e+01 4.365029969193044508e+02 2.501017739109522608e+01 4.998147624321708227e-01 1.179776700676363888e+01
5.643120651999999973e+04 5.643226666999999725e+04 -4.232609998558944540e+02 9.380328115965397728e+00 4.415049743386647378e+02 2.300624172291784575e+01 5.058076180119996934e-10 1.300417446406924582e-01
5.645006373000000167e+04 5.645120625000000291e+04 -3.846888483248887383e+02 1.196573550189048341e+01 4.372698118966386573e+02 2.934903265173758768e+01 3.163558304208891059e-10 1.338319254508992528e-01
5.647106309999999939e+04 5.647201473000000260e+04 -4.076567125410151675e+02 9.442823713398839303e+00 4.127673121842361752e+02 2.315699494735765995e+01 9.999999973234450223e+00 1.091886685131303203e+01
5.649211819000000105e+04 5.649307983000000240e+04 -3.897530187720489607e+02 8.372063128791543463e+00 4.363960292467377258e+02 2.053386386287841248e+01 2.138863341993868517e-07 2.366155713973054908e+00
5.652193828999999823e+04 5.652299814000000333e+04 -4.424687404867297573e+02 1.123156254168261015e+01 4.156677612234224171e+02 2.692699942739927010e+01 9.999999359371209096e+00 1.263161398981256589e+01
5.654701726000000053e+04 5.655086630000000150e+04 -2.739344969282079205e+02 6.858075221931645871e+00 4.328244357206410768e+02 1.714454600932276307e+01 3.979404566978317348e-07 1.808502218627210567e+01
5.667241423999999824e+04 5.667652580999999918e+04 -3.198002593821751134e+02 7.286727396120847189e+00 4.421315288607731304e+02 1.822340475264612536e+01 2.661627282907197412e-05 4.347487911571357166e+00
5.670352913000000262e+04 5.670942137999999977e+04 -4.370507593281367917e+02 1.252288913089020994e+01 4.412165961803219147e+02 3.041265746059029595e+01 1.345253075601959836e-08 1.423272243146518967e+01
5.676227816000000166e+04 5.676335119999999733e+04 -5.112643581408496516e+02 9.704967279881971720e+00 4.430742260047230161e+02 2.380371271496085583e+01 7.392259249172639102e-08 4.832809518492158674e+00
5.679024240999999893e+04 5.679217010999999911e+04 -5.134932564630059915e+02 7.597234468138250207e+00 4.404350340052151296e+02 1.864573331428830727e+01 7.300016147127053046e-10 8.794610002063480536e+00
5.682815641000000323e+04 5.682915299000000232e+04 -4.673189143600059197e+02 9.168436370271081159e+00 4.311500861225767949e+02 2.248995787188549045e+01 3.029494226614881658e+00 1.060919985452933823e+01
5.685004291999999987e+04 5.685105215999999928e+04 -4.564114472021990991e+02 9.830390024586304065e+00 4.345094886109807248e+02 2.411120145786556179e+01 3.093664213693614329e-07 1.084734616860804124e+01
5.692182736000000295e+04 5.692292652999999700e+04 -4.560484714447348438e+02 8.274733608626503312e+00 4.349057385039288874e+02 2.029684647356182126e+01 9.382104537714042181e-09 4.095018099997498773e+00
5.694581392000000051e+04 5.694875536999999895e+04 -4.177350030294740577e+02 7.298614388267828268e+00 4.306089225608028528e+02 1.790108485359413848e+01 7.997807360826669765e-08 7.128673280615539731e+00
5.697774564999999711e+04 5.697870930000000226e+04 -4.849867968448924103e+02 9.063281783319478535e+00 4.345502089600362297e+02 2.222761753268685680e+01 7.201136359435977852e-07 6.841673381356184080e+00
5.701156405000000086e+04 5.701260027999999875e+04 -4.662117941368790639e+02 8.932547611979220648e+00 4.335852422797213990e+02 2.217321099706446574e+01 4.201748463605881057e-06 1.048760107194262226e+01
5.704057205999999860e+04 5.704158325000000332e+04 -4.720165560413254298e+02 1.026395714026780581e+01 4.337166858864587198e+02 2.514869155061192529e+01 2.245616353979684732e-07 2.685118986495440652e+01
5.707842066000000341e+04 5.708040101000000141e+04 -4.830141163930377957e+02 8.670191334780916748e+00 4.351018050164844908e+02 2.126540213777761679e+01 5.968073146789265593e-08 6.578236778129171736e-01
5.710133067999999912e+04 5.710239070000000356e+04 -4.911563476984192107e+02 9.320322505111128919e+00 4.310863821201086807e+02 2.286018413117392356e+01 4.099152103057164709e+00 1.078336260116771150e+01
5.713125791999999637e+04 5.713225568000000203e+04 -4.755913668640696983e+02 7.116007504640339931e+00 4.360631871190276456e+02 1.745502933084281594e+01 1.074801359024490921e-09 1.276492314666262118e-01
5.716118009000000166e+04 5.716218041999999696e+04 -4.621423616652038504e+02 9.918916794107456525e+00 4.373529580565725610e+02 2.431610704802166367e+01 9.753660434874689145e-08 1.208581742972762996e+01
5.719216496000000188e+04 5.719507082000000082e+04 -5.101623827432309213e+02 1.329834851486821634e+01 4.304897402957966506e+02 3.188951067729403732e+01 1.770189364682601241e+00 1.496145093968936024e+01
5.730684724999999889e+04 5.730786914000000252e+04 -4.407134023441898876e+02 1.037705175284398074e+01 4.297761007149762804e+02 2.545323218346298688e+01 2.409903995921368391e+00 1.200608829283745393e+01
5.733585145000000193e+04 5.733688393999999971e+04 -5.027675969275696843e+02 9.254744662789923026e+00 4.269308871480617427e+02 2.269797496278851057e+01 2.682390771349469905e+00 1.070636605497103844e+01
5.739764005000000179e+04 5.739865170000000217e+04 -4.186939614189302006e+02 9.477023180256509249e+00 4.306264453375821404e+02 2.330151446378274471e+01 3.449313057402036975e-10 1.100546185045476832e+01
5.743262202000000252e+04 5.743354318000000058e+04 -4.578869927496983792e+02 9.963393816009421755e+00 4.331769673435468349e+02 2.443786709753869246e+01 2.308792046434859913e-10 2.037496447732057570e-01
5.748842001000000164e+04 5.748946171999999933e+04 -4.181824806167247175e+02 9.611473656998148485e+00 4.224507647851657453e+02 2.357415672067288170e+01 3.452569782482477034e+00 1.112002736237339384e+01
5.751838079999999900e+04 5.751938992999999755e+04 -4.607779695710379428e+02 8.888206299863886883e+00 4.226292096176079554e+02 2.180027232763140788e+01 3.677967717554130544e+00 1.028323398979370573e+01
5.755029636999999639e+04 5.755130486999999994e+04 -4.546465827375837989e+02 8.874895613588822840e+00 4.281622615832102952e+02 2.176791212948046095e+01 2.541474031225732233e-08 8.078754699452487253e-01
5.757916483999999764e+04 5.758008129000000190e+04 -4.301988130292684218e+02 7.900653576210105555e+00 4.281492419164940202e+02 1.937852838183146176e+01 2.256656750354579799e-08 1.605703339033204502e+00
5.761399293999999645e+04 5.761500583000000188e+04 -4.222337078566761193e+02 6.432713170125865076e+00 4.289354966511937164e+02 1.578142463176794230e+01 1.666507820630158676e-07 1.208060999363825516e+01
5.764693218999999954e+04 5.764793389000000025e+04 -3.891730822623841846e+02 2.513801768377200219e+01 4.305337229898065061e+02 6.259703040108227157e+01 9.995757221936685255e-08 1.187589596354998989e+01
5.770382465000000229e+04 5.770473977000000014e+04 -4.818038554868732035e+02 9.630714026478724321e+00 4.174564729299941064e+02 2.362165480513148097e+01 5.471363265772416717e+00 1.114248920119083053e+01
5.776462367000000086e+04 5.776562202000000252e+04 -4.208230889134950417e+02 1.166097245656914616e+01 4.265521508785230367e+02 2.860737823110959610e+01 5.674770542363205550e-08 1.347279516913070374e+01
5.779642809000000125e+04 5.779663461000000098e+04 -4.189591147237431414e+02 9.203790282125401845e+00 4.298088888239181529e+02 2.257664399860176019e+01 1.170119556803683736e-11 1.022559952762074481e-01
5.783538324000000284e+04 5.783637569999999687e+04 -4.157177355517975457e+02 5.204705605793932044e+00 4.304421248297965121e+02 1.276324327687421700e+01 2.030698659227780922e-07 9.705549664602431292e+00
5.785923735999999917e+04 5.785944898000000103e+04 -4.157857016526891130e+02 8.511915407207158779e+00 4.241418442704390372e+02 2.087802764081443740e+01 1.562542196603718292e+00 9.848056780884519412e+00
5.789316636000000290e+04 5.789418609000000288e+04 -4.377024464460012609e+02 7.295511080038112439e+00 4.253064187106876943e+02 1.750652558716940277e+01 3.130734338441243381e-08 8.215142173764014899e+00
5.792110166999999637e+04 5.792211248999999953e+04 -4.328575370510260996e+02 8.088282700799009461e+00 4.265282816467020552e+02 1.983920006270308534e+01 2.653075814595950987e-08 9.346805287270566254e+00
